<?xml version="1.0"?>
<opencv_storage>
<Y_DISTANCE_BETWEEN_GUN_AND_CAM>0.</Y_DISTANCE_BETWEEN_GUN_AND_CAM>
<CAMERA_MATRIX_1 type_id="opencv-matrix">
  <rows>3</rows>
  <cols>3</cols>
  <dt>d</dt>
  <data>
    2.014357769328968e+03 0. 6.293991222675952e+02 
0.0000000000000000 2.014691507664832e+03 5.054797211833751e+02 
0.0000000000000000 0.0000000000000000 1.0000000000000000 </data></CAMERA_MATRIX_1>
<DISTORTION_COEFF_1 type_id="opencv-matrix">
  <rows>5</rows>
  <cols>1</cols>
  <dt>d</dt>
  <data>
    -0.320484711156901 -0.124383399306596 -9.988436965298788e-04 -0.001545415551503 2.551803337064177 </data></DISTORTION_COEFF_1>
</opencv_storage>
